2012-05-12 10-33-30,68,顺义北京国际鲜花港
2012-06-07 15-45-07,148,Apple - Apple ID
2012-06-07 15-57-25,21,Apple
2012-06-07 15-47-35,20,Apple
2012-08-09 15-16-31,134,演员的自我修养——梁朝伟
2012-08-09 15-19-01,80,演员的自我修养——陈道明
2012-08-10 22-30-55,216,鏂癙OLO浼樻儬涓囧厓 閫?500淇濋櫓瓒呭�煎ぇ绀煎寘 - 绗?椤?- 姹借溅涔嬪弸
2012-08-11 22-21-55,96,?????2012???·??????????&nbsp;&nbsp;??????7????_???????
