新闻,126
娱乐,175
体育,1098
视频,592
社交,731
军事,0
购物,98
导航,160
彩票,0
财经,0
科技,0
汽车,0
教育,0
房产,467
